experiment_data=[300	63.222484	55.285319	36.901036	28.700952	26.872773
305	65.570878	57.896948	39.921652	31.994265	30.312
310	67.436566	60.050272	42.450982	34.694825	33.185104
315	69.46374	62.184915	44.953707	37.34219	36.075671
320	71.04283	64.251431	47.326711	39.844784	38.467404
325	72.835045	66.096145	49.572605	42.114919	41.02229
330	73.962253	67.956848	51.784137	44.363949	43.076469
335	75.634329	69.301799	53.778087	46.481839	45.395791
340	76.85523	70.982988	55.896788	48.907614	48.018844
345	78.121666	72.522623	57.900859	50.47591	49.815094
350	79.100145	73.833884	59.216785	52.593295	51.514203
355	80.308075	74.98255	61.096973	54.38408	53.764109
360	81.459225	76.419949	62.845173	56.361753	55.511335
365	82.02862	77.429624	64.476449	58.086981	56.932159
370	83.304906	78.402524	65.976047	59.724705	59.071326
375	83.931928	79.348205	67.25319	61.147732	60.381212
380	84.878082	80.485383	68.648844	62.653435	62.240076
385	85.474193	81.522189	69.665687	64.17925	63.386592
390	86.009879	82.361571	71.061806	65.533843	64.801957
395	86.94807	83.216144	72.340813	66.960002	66.486391
400	87.691695	83.998426	73.440844	68.120677	67.837116
405	88.056659	84.647753	74.584617	69.328533	69.068048
410	88.848133	85.309279	75.650423	70.512715	70.122508
415	89.104576	86.025774	76.561345	71.575309	71.14297
420	89.360177	86.613529	77.391051	72.575146	72.175918
425	89.965938	87.169454	78.316092	73.565173	73.33319
430	90.204641	87.845029	78.939144	74.354528	74.268603
435	90.815926	88.358381	79.848441	75.536823	75.126837
440	91.11922	88.639944	80.578897	76.38483	76.042855
445	91.556273	89.205132	81.38877	77.288209	77.121135
450	91.923817	89.699151	82.250017	78.22378	77.89825
455	92.286935	90.159941	83.012481	78.809378	78.721577
460	92.521398	90.605945	83.502987	79.548114	79.407915
465	92.934637	90.865286	84.069395	80.307291	80.38869
470	93.125984	91.247044	84.606418	80.809657	80.657556
475	93.46822	91.64732	85.206089	81.537031	81.678668
480	93.479589	91.894592	85.470316	82.009606	81.941781
485	93.819338	92.236776	86.085865	82.758296	82.60209
490	94.218592	92.424069	86.741529	83.347624	83.264494
495	94.342848	92.774267	86.950256	83.893086	83.709826
500	94.32304	93.065358	87.300319	84.052269	84.323349
505	94.594834	93.26238	88.078738	84.930876	84.616614
510	95.117029	93.576352	88.523789	85.451583	85.253829
515	95.047126	94.002956	89.105467	85.837122	86.175198
520	95.383875	94.02062	89.064692	86.024911	86.332326
525	95.36571	94.191495	89.587749	86.628511	86.645376
530	95.550235	94.484356	89.758102	87.079795	87.022745
535	95.791745	94.563472	90.215873	87.609022	87.59323
540	95.781263	94.699314	90.533866	87.760795	87.881671
545	95.93521	94.89285	90.691631	88.389486	88.57444
550	95.952821	95.314846	91.125743	88.506799	88.519073
555	96.482958	95.458794	91.417698	89.096298	89.192619
560	95.824395	95.378267	91.290966	89.217086	88.778997
565	96.464545	95.651817	91.73964	89.328163	89.635893
570	96.843707	96.004993	91.946967	89.967965	89.941837
575	96.756867	95.535725	92.278009	89.953439	89.831952
580	96.123175	96.139394	92.275351	89.923107	89.934937
585	96.759604	96.057514	92.648137	90.687147	90.64385
590	97.034448	96.152219	93.093218	90.690732	91.010074
595	97.180416	96.690671	93.098121	91.139835	91.699886
600	97.213747	96.557982	92.912694	91.370507	91.399077
605	97.440891	96.656232	93.661239	91.624441	92.044853
610	97.627896	96.801247	93.775668	91.69188	92.256806
615	97.40277	96.938615	94.038047	92.503413	92.053389
620	97.63298	96.883426	94.13269	92.058198	92.410323
625	97.577112	97.1267	94.100385	92.460432	93.139658
630	97.843274	96.498525	94.403712	92.539671	92.693654
635	97.340371	97.09577	94.286763	92.899286	92.812978
640	98.147914	97.190138	95.039382	93.543317	94.20048
645	97.800292	97.062747	94.53668	93.574284	92.793334
650	97.779001	97.546244	95.086221	93.194079	94.156938
655	98.012793	97.68681	95.02452	93.965734	94.263459
660	97.028021	97.68179	94.48671	93.012345	93.28371
665	98.452026	97.208572	96.429181	93.659996	93.928339
670	98.054651	97.452459	95.553374	93.632534	94.407534
675	98.100755	97.831436	95.477178	94.155009	94.503362
680	98.335087	97.893307	95.954104	94.259325	94.805979
685	97.506573	97.763372	95.378529	93.846481	94.608637
690	98.205536	98.015449	96.408102	94.68132	95.010141
695	98.260446	97.76834	95.749696	93.786098	94.355578
700	97.719695	98.368528	95.883852	94.574187	95.351806
705	98.551067	97.98989	96.523081	95.311964	94.71915
710	98.503644	97.871247	95.686613	94.845866	95.527026
715	98.181681	98.129844	96.361408	95.259211	95.17236
720	99.048223	97.803694	96.58949	95.63453	96.185321
725	98.752412	97.936501	97.936118	96.276534	96.249457
730	98.514366	98.173834	96.763107	95.715793	95.800428
735	98.580513	98.212804	97.090866	95.963147	96.763917
740	99.282449	98.372299	97.036392	96.35607	97.367729
745	97.260492	98.182614	95.663284	94.407275	94.967568
750	98.406015	99.67528	97.205203	95.111161	96.753894
755	99.444938	98.86055	97.070551	95.990214	96.765048
760	99.068336	97.884289	97.701187	96.087376	95.426594
765	98.128041	99.553147	96.887296	95.5986	96.367038
770	98.135878	98.118703	97.050253	95.216905	95.633431
775	98.740468	98.002835	97.490258	96.636677	96.108087
780	98.046057	98.555285	95.798429	96.146875	95.854853
785	98.704012	99.233586	98.610415	97.154696	97.891495
790	98.780124	99.142896	97.855813	96.11837	97.354372
795	98.310793	99.086575	95.571319	95.917626	96.689547
800	99.067515	99.19643	98.322229	96.76673	97.225098
805	97.935451	98.815214	96.235396	95.695486	96.255666
810	99.023654	98.772612	97.55458	97.630791	98.064297
815	98.059316	98.674596	96.562846	97.195069	97.316969
820	98.960485	98.836627	98.066693	98.012517	97.349024
825	99.014597	98.815071	97.555697	96.61246	97.111679
830	98.286177	98.579718	96.753016	97.212156	97.035305
835	98.491893	99.547905	97.170825	96.630098	97.106629
840	98.796893	98.496584	97.155181	95.951802	97.870942
845	98.516929	98.602299	97.44206	97.872973	97.531143
850	99.965436	99.981273	100.242195	98.584367	97.242093
855	97.492	100.246966	98.480111	98.107133	98.305043
860	98.948121	98.978082	96.808497	98.433508	98.663667
865	98.720773	98.693962	98.128802	98.698067	97.779279
870	99.775573	99.200657	98.103312	97.363519	99.024125
875	100.238952	98.102162	99.027783	97.087513	98.871189
880	99.238684	99.288113	98.821592	98.199344	98.65904
885	98.72046	99.405674	98.805252	97.647656	98.671344
890	98.818102	99.708953	98.484164	97.29931	98.207013
895	99.247479	99.361718	98.970026	98.075385	98.766622
900	99.142477	99.952089	98.598298	98.959052	99.037588];

wl_exp=experiment_data(:,1);
exp_T_fv1=experiment_data(:,2);
exp_T_fv2=experiment_data(:,3);
exp_T_fv5=experiment_data(:,4);
exp_T_fv10=experiment_data(:,5);
exp_T_fv14=experiment_data(:,6);
